[initialization]
simulation_engine=DTALite.exe
nexta=1
FreewayColor=-1.00000
RampColor=-1.00000
ArterialColor=15735456
ConnectorColor=-1.00000
TransitColor=-1.00000
WalkingColor=-1.00000
BackgroundColor=12632256
NodeColor=-1.00000
NodeBrushColor=-1.00000
NodeBackgroundColor=-1
ZoneColor=16760576
AgentColor1=12500670
AgentColor2=65280
AgentColor3=7731967
AgentColor4=64255
[Grid]
top=50.00000
bottom=0.00000
left=0.00000
right=100.00000
[GUI]
node_display_size=0.010000
node_text_display_ratio=4.000000
